              precision    recall  f1-score   support

           0       1.00      1.00      1.00        94
           1       1.00      1.00      1.00        91
           2       1.00      1.00      1.00        92
           3       1.00      1.00      1.00        91
           4       1.00      1.00      1.00        91
           5       1.00      1.00      1.00        91
           6       1.00      1.00      1.00        92
           7       1.00      1.00      1.00        92
           8       1.00      1.00      1.00        92
           9       1.00      1.00      1.00        91

    accuracy                           1.00       917
   macro avg       1.00      1.00      1.00       917
weighted avg       1.00      1.00      1.00       917
